1687883547096 0.53717842464228 0
1687883547102 0.3887310107149303 1
1687883547108 0.30570043623162374 2
1687883547113 0.2594149893848086 3
1687883547118 0.2319443613984085 4
1687883547123 0.2129218894345812 5
1687883547128 0.19504775161477986 6
1687883547133 0.18473511847626556 7
1687883547138 0.1751897995370323 8
1687883547143 0.1755187612477807 9
1687883547149 0.1664309361171782 10
1687883547154 0.15970357518868883 11
1687883547160 0.15775766125131227 12
1687883547165 0.1565248113478009 13
1687883547170 0.1521939581168791 14
1687883547175 0.1542397477099662 15
1687883547180 0.1492081038027618 16
1687883547185 0.15079804315201864 17
1687883547191 0.14675526660656252 18
1687883547197 0.1454680798593653 19
1687883547203 0.14624767777661066 20
1687883547209 0.14908691463152332 21
1687883547215 0.14312625020419104 22
1687883547221 0.14474508479784493 23
1687883547227 0.14291825442460662 24
1687883547233 0.14376937760625588 25
1687883547238 0.14414587260223896 26
1687883547243 0.14158867941099587 27
1687883547248 0.1426606526717148 28
1687883547253 0.14013608625317558 29
1687883547259 0.14259202761509468 30
1687883547265 0.1418682119315995 31
1687883547270 0.1462291308736598 32
1687883547275 0.14050375682641042 33
1687883547280 0.14049378245091862 34
1687883547286 0.13942356175168383 35
1687883547291 0.14084672341230203 36
1687883547296 0.14181930203396123 37
1687883547301 0.14323944785127346 38
1687883547306 0.1431853761384866 39
1687883547312 0.14114977899557515 40
1687883547317 0.138648195874134 41
1687883547323 0.14124261262043694 42
1687883547328 0.14396370946242054 43
1687883547333 0.14184940860074854 44
1687883547338 0.13927997979724743 45
1687883547344 0.1417761207478746 46
1687883547349 0.14108312801656575 47
1687883547354 0.1440001450138651 48
1687883547359 0.14248828642152925 49
1687883547364 0.14280605395946389 50
1687883547370 0.13886447403336785 51
1687883547375 0.1409605752359091 52
1687883547380 0.13993143593838261 53
1687883547386 0.1393384647776202 54
1687883547391 0.13736373850213052 55
1687883547396 0.1385982011988683 56
1687883547401 0.14128921340864845 57
1687883547406 0.13836731556567014 58
1687883547412 0.14197105776754015 59
1687883547417 0.13797182389460158 60
1687883547423 0.14157948263288184 61
1687883547428 0.13970583189148267 62
1687883547433 0.13942020787792941 63
1687883547438 0.14101240096226403 64
1687883547443 0.13800834884844318 65
1687883547448 0.14070777421756567 66
1687883547453 0.13842360475486956 67
1687883547458 0.13652623181835125 68
1687883547463 0.13711025649487565 69
1687883547469 0.13917691431407136 70
1687883547474 0.14046311810279882 71
1687883547479 0.13727851185666398 72
1687883547485 0.14134916831519995 73
1687883547490 0.13892729117058047 74
1687883547495 0.14107130098674592 75
1687883547500 0.1384985750848348 76
1687883547505 0.13865922039953438 77
1687883547510 0.134829212940886 78
1687883547515 0.1411420256720602 79
1687883547520 0.13898224856748237 80
1687883547526 0.13727349124462668 81
1687883547531 0.13886327782528124 82
1687883547536 0.13571201102253588 83
1687883547541 0.13664554783262073 84
1687883547546 0.13449603885267356 85
1687883547551 0.13329037595537357 86
1687883547556 0.1384631926663908 87
1687883547561 0.14004517451157925 88
1687883547566 0.1350738544405673 89
1687883547572 0.13674929821196288 90
1687883547577 0.1379934085125843 91
1687883547582 0.1395231727644237 92
1687883547587 0.1389674486920405 93
1687883547592 0.1370458528707959 94
1687883547597 0.14021788710455105 95
1687883547602 0.1405276641271466 96
1687883547607 0.14121684339962698 97
1687883547612 0.13783483047777215 98
1687883547617 0.13701609016843122 99
